<?xml version="1.0" encoding="UTF-8"?>
<document version="1.5.0">
  <chunk label="Chunk 1" enabled="true">
    <sensors next_id="1">
      <sensor id="0" label="FC6520, DJI MFT 15mm F1.7 ASPH (15mm)" type="frame">
        <resolution width="5280" height="2970"/>
        <property name="pixel_width" value="0.0035710344199348077"/>
        <property name="pixel_height" value="0.0035710344199348077"/>
        <property name="focal_length" value="15"/>
        <property name="fixed" value="true"/>
        <property name="layer_index" value="0"/>
        <bands>
          <band label="Red"/>
          <band label="Green"/>
          <band label="Blue"/>
        </bands>
        <data_type>uint8</data_type>
        <calibration type="frame" class="initial">
          <resolution width="5280" height="2970"/>
          <f>4550.5746050730586</f>
          <cx>40.796788482852023</cx>
          <cy>-10.416763496388057</cy>
          <b1>-14.140918851024489</b1>
          <b2>-0.065175032431371335</b2>
          <k1>-0.22109733932435327</k1>
          <k2>0.11036077004245884</k2>
          <k3>-0.011289254789071848</k3>
          <p1>-2.7164784715216105e-05</p1>
          <p2>-9.6029602877547064e-05</p2>
        </calibration>
        <covariance>
          <params>f cx cy k1 k2 k3 p1 p2</params>
          <coeffs>1.9425038025885772e+02 5.2239234763817222e-01 1.8302135825942119e+00 -2.0161856078620068e-02 2.5768682557236831e-02 -2.7917341489400878e-03 -2.4600428882051462e-06 -6.5486696211912641e-05 5.2239234763817222e-01 9.1613746918830521e-02 8.9065833359156295e-03 -4.5227240969566789e-05 7.5931283749469113e-05 -2.6506344038632916e-05 -1.8255451203848019e-06 -4.2801346803902774e-07 1.8302135825942119e+00 8.9065833359156295e-03 9.3461632132647923e-02 -1.7662859357639305e-04 2.2896347595965783e-04 -8.0399216198197573e-06 -9.5250984963473889e-07 -2.6081028796479099e-06 -2.0161856078620068e-02 -4.5227240969566789e-05 -1.7662859357639305e-04 2.2605567499288810e-06 -2.9328029435373923e-06 6.4021318856059680e-07 3.5151135470452534e-10 7.4385575096568556e-09 2.5768682557236831e-02 7.5931283749469113e-05 2.2896347595965783e-04 -2.9328029435373923e-06 4.4187252725138270e-06 -1.9923224448265289e-06 -1.2566080676950283e-09 -8.8923622396302107e-09 -2.7917341489400878e-03 -2.6506344038632916e-05 -8.0399216198197573e-06 6.4021318856059680e-07 -1.9923224448265289e-06 2.7801820137626739e-06 1.6256030837057602e-09 9.3042815766378515e-10 -2.4600428882051462e-06 -1.8255451203848019e-06 -9.5250984963473889e-07 3.5151135470452534e-10 -1.2566080676950283e-09 1.6256030837057602e-09 1.1372131157166675e-10 2.8666398167444932e-11 -6.5486696211912641e-05 -4.2801346803902774e-07 -2.6081028796479099e-06 7.4385575096568556e-09 -8.8923622396302107e-09 9.3042815766378515e-10 2.8666398167444932e-11 1.3273548184862529e-10</coeffs>
        </covariance>
        <black_level>0 0 0</black_level>
        <sensitivity>1 1 1</sensitivity>
        <meta>
          <property name="Exif/BodySerialNumber" value="4de25e4f65297a951941de99156e08d3"/>
          <property name="Exif/LensModel" value="DJI MFT 15mm F1.7 ASPH "/>
          <property name="Exif/Make" value="DJI"/>
          <property name="Exif/Model" value="FC6520"/>
          <property name="Exif/Software" value="v01.07.0045"/>
        </meta>
      </sensor>
    </sensors>
    <components next_id="2" active_id="1">
      <component id="1" label="Component 1">
        <transform>
          <rotation locked="true">3.8000915772565674e-01 -6.3524967453981707e-01 6.7234729942321714e-01 7.8367304545421501e-01 6.0724431895211994e-01 1.3080861947475528e-01 -4.9137521088588987e-01 4.7719198243205191e-01 7.2858644924910287e-01</rotation>
          <translation locked="true">4.4145681718343506e+06 7.4081076035000989e+05 4.5285499845539397e+06</translation>
          <scale locked="true">9.7805604090434741e+00</scale>
        </transform>
        <region>
          <center>7.7703179294123093e+00 -1.1182941607231975e+01 -3.8506997141241581e+00</center>
          <size>4.1191591262817383e+01 3.3930542755126950e+01 1.0161612701416015e+01</size>
          <R>-9.7223284712821412e-01 2.3383103626761062e-01 9.2917943897842629e-03 -2.3399866188844901e-01 -9.7187334380273838e-01 -2.6586271647215165e-02 2.8137518337666397e-03 -2.8022314031848228e-02 9.9960333768796428e-01</R>
        </region>
        <partition>
          <camera_ids>71 86 96</camera_ids>
          <partition>
            <camera_ids>0 1 2 3 4 5 6 7 8 9 10 11 12 13 14 15 16 17 18 19 20 21 22 23 24 25 26 27 28 29 30 31 32 33 34 35 36 37 38 39 40 41 42 43 44 45 46 47 48 49 50 51 52 53 54 55 56 57 58 59 60 61 62 63 64 65 66 67 68 69 70 72 73 74 75 76 87 88 89 90 91 92 93 94 95 97</camera_ids>
          </partition>
          <partition>
            <camera_ids>77 78 79 80 81 82 83 84 85 98 99 100 101 102 103 104 105 106 107 108 109 110 111 112 113 114 115 116 117 118 119 120 121 122 123 124 125 126 127 128 129 130 131 132 133 134 135 136 137 138 139 140</camera_ids>
          </partition>
        </partition>
      </component>
    </components>
    <cameras next_id="141" next_group_id="0">
      <camera id="0" sensor_id="0" component_id="1" label="DJI_0044">
        <transform>9.4849957406943597e-01 3.1646004617188778e-01 -1.4198491715173959e-02 -6.2929728500257829e+00 3.1675312970042713e-01 -9.4803693146645018e-01 2.9890322859789431e-02 -1.6847475707742994e+01 -4.0016015648037381e-03 -3.2848375189115098e-02 -9.9945233574810943e-01 -3.2619695528161541e-01 0 0 0 1</transform>
        <rotation_covariance>1.3610315020232056e-08 -6.5170101078009748e-10 -2.2151735901550135e-10 -6.5170101078009768e-10 5.8663238773056721e-09 3.8756472455161875e-10 -2.2151735901550137e-10 3.8756472455161859e-10 4.1938715091688055e-10</rotation_covariance>
        <location_covariance>1.5637056160982861e-07 -6.2281012362549627e-08 3.5556181309037091e-08 -6.2281012362549627e-08 2.5382110907893318e-07 6.9653721695012983e-08 3.5556181309037091e-08 6.9653721695012983e-08 7.7805824342220659e-08</location_covariance>
        <orientation>1</orientation>
        <reference x="540923.99104715826" y="5041323.9291074844" z="196.61000000000001" yaw="25.499999999999996" pitch="0" roll="-0" enabled="false"/>
      </camera>
      <camera id="1" sensor_id="0" component_id="1" label="DJI_0045">
        <transform>9.6283962198032191e-01 2.6991333086587710e-01 -9.3089293518819286e-03 -5.9356990953628515e+00 2.7006171278723029e-01 -9.6255062378307354e-01 2.3726945468030135e-02 -1.5208258540304305e+01 -2.5560968718574754e-03 -2.5359228610170398e-02 -9.9967513517796314e-01 -2.5167807275030979e-01 0 0 0 1</transform>
        <rotation_covariance>5.4101445052493633e-09 -8.2453059079148072e-10 -2.1097797178838649e-10 -8.2453059079148052e-10 3.3920331236203335e-09 1.0869366226097289e-10 -2.1097797178838649e-10 1.0869366226097292e-10 2.1092492993966542e-10</rotation_covariance>
        <location_covariance>8.8059306028666817e-08 -2.7751385685582365e-08 3.0508369243568704e-08 -2.7751385685582365e-08 1.0775624065461691e-07 1.1665575979291357e-08 3.0508369243568704e-08 1.1665575979291357e-08 3.7592009626037607e-08</location_covariance>
        <orientation>1</orientation>
        <reference x="540937.22361059499" y="5041332.559244073" z="196.71000000000001" yaw="28.800000000000001" pitch="0" roll="-0" enabled="false"/>
      </camera>
      <camera id="2" sensor_id="0" component_id="1" label="DJI_0046">
        <transform>9.6566337683296921e-01 2.5972198997465640e-01 -6.2233887193673138e-03 -5.6233241134844096e+00 2.5979587048590902e-01 -9.6543819923541541e-01 2.0861187299566528e-02 -1.3833413665253977e+01 -5.9018811969053099e-04 -2.1761695262164649e-02 -9.9976301206700979e-01 -2.0742805970096206e-01 0 0 0 1</transform>
        <rotation_covariance>3.6442693490405020e-09 -7.2902342883731142e-10 -1.1842977320640738e-10 -7.2902342883731163e-10 2.6935180872981659e-09 2.6702336705355313e-11 -1.1842977320640738e-10 2.6702336705355336e-11 1.5179056630319313e-10</rotation_covariance>
        <location_covariance>6.9070557460329668e-08 -1.9396160628939763e-08 2.7116891383089056e-08 -1.9396160628939763e-08 7.3190452201041239e-08 1.2468656429349347e-09 2.7116891383089056e-08 1.2468656429349347e-09 2.9111143077368841e-08</location_covariance>
        <orientation>1</orientation>
        <reference x="540948.95052127726" y="5041340.1007737424" z="196.71000000000001" yaw="29.599999999999998" pitch="0" roll="-0" enabled="false"/>
      </camera>
      <camera id="3" sensor_id="0" component_id="1" label="DJI_0047">
        <transform>9.6721276315209925e-01 2.5392998727072091e-01 -4.3626093536699075e-03 -5.3164638234090722e+00 2.5396617749392186e-01 -9.6701057343721852e-01 1.9792209319505965e-02 -1.2471132047599593e+01 8.0714608778668267e-04 -2.0251232686254863e-02 -9.9979459694973360e-01 -1.8265315651942776e-01 0 0 0 1</transform>
        <rotation_covariance>3.8257339500776824e-09 -6.8894340198565363e-10 -1.1054474945567336e-10 -6.8894340198565352e-10 2.4690748772743628e-09 -5.9383330959370100e-12 -1.1054474945567335e-10 -5.9383330959370213e-12 1.4346811201605309e-10</rotation_covariance>
        <location_covariance>6.3741717935482558e-08 -1.9969032536240570e-08 2.5544719442338602e-08 -1.9969032536240570e-08 7.7761097444088851e-08 -3.8742840545113190e-09 2.5544719442338602e-08 -3.8742840545113190e-09 2.6097823836588081e-08</location_covariance>
        <orientation>1</orientation>
        <reference x="540960.34121089312" y="5041347.4612548919" z="196.71000000000001" yaw="30.099999999999998" pitch="0" roll="-0" enabled="false"/>
      </camera>
      <camera id="4" sensor_id="0" component_id="1" label="DJI_0048">
        <transform>9.6845559957941463e-01 2.4916130084010971e-01 -3.5210519650469554e-03 -4.9980716129345595e+00 2.4918203931585406e-01 -9.6826138125049555e-01 1.9447592685864521e-02 -1.1103071060438364e+01 1.4362888526874688e-03 -1.9711512944152642e-02 -9.9980467759047009e-01 -1.5365241838498400e-01 0 0 0 1</transform>
        <rotation_covariance>3.8122080636362939e-09 -6.0004145487623951e-10 -7.7872259713400979e-11 -6.0004145487623951e-10 2.5873229049682773e-09 8.8226392978346448e-13 -7.7872259713400992e-11 8.8226392978346609e-13 1.4243505955376821e-10</rotation_covariance>
        <location_covariance>6.5195234024141641e-08 -1.7412908136816235e-08 2.6430483726280236e-08 -1.7412908136816235e-08 7.8752286357808787e-08 -6.0106407164077202e-09 2.6430483726280236e-08 -6.0106407164077202e-09 2.6289070825809816e-08</location_covariance>
        <orientation>1</orientation>
        <reference x="540972.1275110303" y="5041354.9887734493" z="196.71000000000001" yaw="30.399999999999999" pitch="0" roll="-0" enabled="false"/>
      </camera>
      <camera id="5" sensor_id="0" component_id="1" label="DJI_0049">
        <transform>9.6929113140325929e-01 2.4588772050758109e-01 -3.7324906663338737e-03 -4.6760317348117768e+00 2.4591381371733043e-01 -9.6910597565755918e-01 1.8973775792076125e-02 -9.6995811595903643e+00 1.0482394701053000e-03 -1.9308983618915754e-02 -9.9981301469105610e-01 -1.1790432511198236e-01 0 0 0 1</transform>
        <rotation_covariance>4.4767333638226053e-09 -9.1661032982837287e-10 -3.4563290595345042e-11 -9.1661032982837318e-10 2.8944112049129380e-09 9.0854536144641096e-13 -3.4563290595345016e-11 9.0854536144641540e-13 1.5494587849717502e-10</rotation_covariance>
        <location_covariance>7.5576883758336251e-08 -2.4195607453912040e-08 2.6582124189317498e-08 -2.4195607453912040e-08 8.9458938714198640e-08 -6.2796557927420626e-09 2.6582124189317498e-08 -6.2796557927420626e-09 2.7685263466143765e-08</location_covariance>
        <orientation>1</orientation>
        <reference x="540983.97731797944" y="5041362.5933902441" z="196.71000000000001" yaw="30.599999999999998" pitch="0" roll="-0" enabled="false"/>
      </camera>
      <camera id="6" sensor_id="0" component_id="1" label="DJI_0050">
        <transform>9.9693996216098668e-01 7.7668049542298889e-02 -8.8535827067126177e-03 -4.5281511217574932e+00 7.7892239334411958e-02 -9.9654945790597238e-01 2.8670141241085426e-02 -9.1568948042447982e+00 -6.5962790966028187e-03 -2.9272034907196098e-02 -9.9954971715991781e-01 -1.1495161380184822e-01 0 0 0 1</transform>
        <rotation_covariance>6.5273714706133123e-09 -1.6303324974368486e-09 -3.3059270394008749e-11 -1.6303324974368490e-09 3.3267804402485924e-09 -1.7529245613709324e-13 -3.3059270394008743e-11 -1.7529245613708193e-13 1.6513378750063579e-10</rotation_covariance>
        <location_covariance>7.8536600101674489e-08 -3.7869877602019447e-08 2.4251858755443690e-08 -3.7869877602019447e-08 1.3866007416401115e-07 -4.9081138957246375e-09 2.4251858755443690e-08 -4.9081138957246375e-09 2.8264822957054541e-08</location_covariance>
        <orientation>1</orientation>
        <reference x="540988.86840557354" y="5041365.590679585" z="196.71000000000001" yaw="40.299999999999997" pitch="0" roll="-0" enabled="false"/>
      </camera>
      <camera id="7" sensor_id="0" component_id="1" label="DJI_0051">
        <transform>9.9935669285440420e-01 3.5118426778130762e-02 -7.2730012881329961e-03 -3.7912820249744619e+00 3.5274218503095950e-02 -9.9912363225992540e-01 2.2532131917088388e-02 -7.6645430683781077e+00 -6.4753344395451053e-03 -2.2774186272231545e-02 -9.9971966394761569e-01 -8.6213065867275895e-02 0 0 0 1</transform>
        <rotation_covariance>3.2561159516824292e-09 -6.6878777365661933e-10 -5.8277955154910230e-13 -6.6878777365661923e-10 2.7320925749326876e-09 -3.3784055586451389e-11 -5.8277955154910674e-13 -3.3784055586451396e-11 1.2223488642673027e-10</rotation_covariance>
        <location_covariance>6.3227795351355751e-08 -1.3579787582962475e-08 2.3717069676732760e-08 -1.3579787582962475e-08 7.1993602258849538e-08 -7.5098475943629777e-09 2.3717069676732760e-08 -7.5098475943629777e-09 2.7104642523956468e-08</location_covariance>
        <orientation>1</orientation>
        <reference x="541003.746252076" y="5041370.7608804451" z="196.61000000000001" yaw="42.900000000000006" pitch="0" roll="-0" enabled="false"/>
      </camera>
      <camera id="8" sensor_id="0" component_id="1" label="DJI_0052">
        <transform>9.9972181790296633e-01 2.2800454430841062e-02 -6.0354027649797363e-03 -3.1590850032293356e+00 2.2915993396209915e-02 -9.9954087155324878e-01 1.9821789556861400e-02 -6.4056246372115444e+00 -5.5806859303537950e-03 -1.9954582739781589e-02 -9.9978531224069689e-01 -5.9447097216431780e-02 0 0 0 1</transform>
        <rotation_covariance>3.1476342256160782e-09 -6.4402669673594549e-10 4.9470930216087007e-11 -6.4402669673594539e-10 2.7358875590252847e-09 -5.4210551723519334e-11 4.9470930216087001e-11 -5.4210551723519341e-11 1.2782726753457994e-10</rotation_covariance>
        <location_covariance>6.4090869304607423e-08 -1.2765092740127195e-08 1.9591653010150482e-08 -1.2765092740127195e-08 6.9684622620342668e-08 -5.2046320648547968e-09 1.9591653010150482e-08 -5.2046320648547968e-09 2.4460500659099841e-08</location_covariance>
        <orientation>1</orientation>
        <reference x="541016.96820869762" y="5041375.2503383635" z="196.41" yaw="43.600000000000001" pitch="0" roll="-0" enabled="false"/>
      </camera>
      <camera id="9" sensor_id="0" component_id="1" label="DJI_0053">
        <transform>9.9987985908712163e-01 1.4596857464656849e-02 -5.2152798653899253e-03 -2.5257400054975481e+00 1.4695660247449347e-02 -9.9970306836436129e-01 1.9437403961753207e-02 -5.1495320570846479e+00 -4.9300062686965136e-03 -1.9511710715294391e-02 -9.9979747358310189e-01 -2.7801904216874365e-02 0 0 0 1</transform>
        <rotation_covariance>3.4801112437251298e-09 -6.3972138039693366e-10 1.3732398447234050e-10 -6.3972138039693356e-10 2.9453722714141435e-09 -7.2671766655960938e-11 1.3732398447234052e-10 -7.2671766655960925e-11 1.6305121070489724e-10</rotation_covariance>
        <location_covariance>6.9793118870374223e-08 -1.3604537430471694e-08 1.5945905600020202e-08 -1.3604537430471694e-08 7.6690892373007648e-08 -1.9903102184256438e-09 1.5945905600020202e-08 -1.9903102184256438e-09 2.1418676302282214e-08</location_covariance>
        <orientation>1</orientation>
        <reference x="541029.8586896616" y="5041379.6709940825" z="196.41" yaw="44.100000000000001" pitch="0" roll="-0" enabled="false"/>
      </camera>
      <camera id="10" sensor_id="0" component_id="1" label="DJI_0054">
        <transform>9.9994917363378333e-01 8.8022589247336060e-03 -4.9163387735582341e-03 -1.8889892435172408e+00 8.8975017384929633e-03 -9.9976636402529240e-01 1.9699031104603401e-02 -3.8925784863765087e+00 -4.7417941676077806e-03 -1.9741773007219049e-02 -9.9979386764802836e-01 -3.7619355690565659e-03 0 0 0 1</transform>
        <rotation_covariance>5.2377344807563685e-09 -5.4914292483270068e-10 3.9738688728728777e-10 -5.4914292483270089e-10 3.5164126891140929e-09 -1.1375220535113290e-10 3.9738688728728777e-10 -1.1375220535113289e-10 2.6262004549571969e-10</rotation_covariance>
        <location_covariance>8.4105462397907458e-08 -1.5119924400473006e-08 1.1226371040390101e-08 -1.5119924400473006e-08 1.1390226156174290e-07 -9.8946650044217148e-09 1.1226371040390101e-08 -9.8946650044217148e-09 2.0617663512892043e-08</location_covariance>
        <orientation>1</orientation>
        <reference x="541043.06423905795" y="5041384.1559561184" z="196.31" yaw="44.399999999999999" pitch="0" roll="-0" enabled="false"/>
      </camera>
      <camera id="11" sensor_id="0" component_id="1" label="DJI_0055">
        <transform>9.9997617307698916e-01 4.7833887012260282e-03 -4.9771950767569092e-03 -1.2592001662896417e+00 4.8833879615989666e-03 -9.9978247078853255e-01 2.0277170068653372e-02 -2.6442564572282516e+00 -4.8791188052373083e-03 -2.0300992500603639e-02 -9.9978200819137308e-01 2.4054693052388186e-02 0 0 0 1</transform>
        <rotation_covariance>7.9636571362536083e-09 -6.4039376936345706e-10 7.8156003660297644e-10 -6.4039376936345716e-10 4.1879132869974211e-09 -1.6675212950451072e-10 7.8156003660297644e-10 -1.6675212950451074e-10 4.1686019061295605e-10</rotation_covariance>
        <location_covariance>1.0187953849973233e-07 -2.4118644756844795e-08 7.5462116255122103e-09 -2.4118644756844795e-08 1.7609431598295139e-07 -3.2396606564539627e-08 7.5462116255122103e-09 -3.2396606564539627e-08 2.8191799192499547e-08</location_covariance>
        <orientation>1</orientation>
        <reference x="541056.00542213197" y="5041388.5803310573" z="196.21000000000001" yaw="44.600000000000001" pitch="0" roll="-0" enabled="false"/>
      </camera>
      <camera id="12" sensor_id="0" component_id="1" label="DJI_0056">
        <transform>9.9998752637013677e-01 1.6113284458270148e-03 -4.7276553148495343e-03 -6.1473582578118324e-01 1.7138629690551313e-03 -9.9976164626945796e-01 2.1764956290022786e-02 -1.3741942777399114e+00 -4.6914579673762282e-03 -2.1772787355388623e-02 -9.9975193720888456e-01 5.3571556721723687e-02 0 0 0 1</transform>
        <rotation_covariance>1.2155598874475398e-08 -6.5032704357088516e-10 1.2358410658014905e-09 -6.5032704357088526e-10 5.5890047064092959e-09 -2.3692373469956339e-10 1.2358410658014907e-09 -2.3692373469956344e-10 6.9371585694878769e-10</rotation_covariance>
        <location_covariance>1.3902450528451796e-07 -3.1269800485640455e-08 -1.4931716316957864e-09 -3.1269800485640455e-08 2.7741870822528131e-07 -8.1612013067750867e-08 -1.4931716316957864e-09 -8.1612013067750867e-08 5.8838693119342111e-08</location_covariance>
        <orientation>1</orientation>
        <reference x="541069.31705293467" y="5041393.0793757746" z="196.21000000000001" yaw="44.799999999999997" pitch="0" roll="-0" enabled="false"/>
      </camera>
      <camera id="13" sensor_id="0" component_id="1" label="DJI_0057">
        <transform>9.9998688424291982e-01 -5.2551718861609201e-05 -5.1213846227731973e-03 1.7922783713864462e-02 6.1789512247331847e-05 -9.9975079729965932e-01 2.2323518556697342e-02 -1.2158341264938287e-01 -5.1212814991669154e-03 -2.2323542214708392e-02 -9.9973768156391607e-01 7.5526524467160766e-02 0 0 0 1</transform>
        <rotation_covariance>1.8260958116392025e-08 -2.2881287559950093e-09 1.9120737037031490e-09 -2.2881287559950089e-09 8.2440270366235304e-09 -4.1501453474940050e-10 1.9120737037031490e-09 -4.1501453474940045e-10 1.0778565617092035e-09</rotation_covariance>
        <location_covariance>2.0304888287893555e-07 -7.6897714116040311e-08 -1.4715483901657374e-08 -7.6897714116040311e-08 4.3915847238161501e-07 -1.5120139640909668e-07 -1.4715483901657374e-08 -1.5120139640909668e-07 1.3047148765076191e-07</location_covariance>
        <orientation>1</orientation>
        <reference x="541082.61226555542" y="5041397.5783414543" z="196.11000000000001" yaw="44.899999999999991" pitch="0" roll="-0" enabled="false"/>
      </camera>
      <camera id="14" sensor_id="0" component_id="1" label="DJI_0058">
        <transform>-9.4997182653288625e-01 -3.1232980980691261e-01 1.9022880297972248e-03 4.9513102886235311e-01 -3.1212906759996206e-01 9.4954749410632178e-01 3.0577795793386969e-02 8.0814262185421459e-01 -1.1356669976225576e-02 2.8454285132146279e-02 -9.9953057967461401e-01 6.7424358855938851e-02 0 0 0 1</transform>
        <rotation_covariance>2.1650743489432115e-08 6.5268135097031717e-10 -2.6290875266852210e-09 6.5268135097031499e-10 1.0180271546469559e-08 -1.6576292980887054e-10 -2.6290875266852205e-09 -1.6576292980887054e-10 1.3580828738991839e-09</rotation_covariance>
        <location_covariance>2.6315254553119616e-07 -9.7301878460824994e-08 -3.1870628085368198e-08 -9.7301878460824994e-08 5.3656981997623509e-07 -2.2050803533513192e-07 -3.1870628085368198e-08 -2.2050803533513192e-07 2.2257017665498214e-07</location_covariance>
        <orientation>1</orientation>
        <reference x="541092.65244853275" y="5041401.0027533676" z="196.00999999999999" yaw="206.19999999999999" pitch="0" roll="-0" enabled="false"/>
      </camera>
      <camera id="15" sensor_id="0" component_id="1" label="DJI_0059">
        <transform>-9.6159534404229474e-01 -2.7445928513515194e-01 -2.5485523892690666e-03 1.4090482362361817e-01 -2.7435579443355695e-01 9.6088074073116458e-01 3.7909103822973272e-02 -7.7742474505739523e-01 -7.9556506277744573e-03 3.7152427848400560e-02 -9.9927794167992035e-01 6.7997933748642381e-02 0 0 0 1</transform>
        <rotation_covariance>1.4642677863069607e-08 1.0121163071010054e-10 -1.7269211725565610e-09 1.0121163071010035e-10 7.4094580219143826e-09 8.6129555660799823e-12 -1.7269211725565612e-09 8.6129555660800017e-12 8.7944872593550778e-10</rotation_covariance>
        <location_covariance>1.9117392383474642e-07 -6.1685384704133740e-08 -2.9502557908490780e-08 -6.1685384704133740e-08 3.4355905730410061e-07 -1.0468938672540823e-07 -2.9502557908490780e-08 -1.0468938672540823e-07 9.6340976869500478e-08</location_covariance>
        <orientation>1</orientation>
        <reference x="541079.71760250942" y="5041392.6386571415" z="196.21000000000001" yaw="208.90000000000001" pitch="0" roll="-0" enabled="false"/>
      </camera>
      <camera id="16" sensor_id="0" component_id="1" label="DJI_0060">
        <transform>-9.6509459482995474e-01 -2.6182046017167959e-01 -6.5168754395913409e-03 -1.6527518644389369e-01 -2.6184981109741551e-01 9.6411058238245373e-01 4.3880079380198000e-02 -2.1259819306382548e+00 -5.2057140003149488e-03 4.4054870033340965e-02 -9.9901554991305908e-01 7.2679383289342855e-02 0 0 0 1</transform>
        <rotation_covariance>9.1580780752118836e-09 1.2005883339487466e-10 -1.1690996082324843e-09 1.2005883339487492e-10 5.0373768204541252e-09 7.5211735695965357e-11 -1.1690996082324839e-09 7.5211735695965357e-11 5.5477342096621383e-10</rotation_covariance>
        <location_covariance>1.2996755654078236e-07 -3.4944123608834300e-08 -1.8784808471080352e-08 -3.4944123608834300e-08 2.1417090859988327e-07 -4.2282652733810229e-08 -1.8784808471080352e-08 -4.2282652733810229e-08 4.2529573589072607e-08</location_covariance>
        <orientation>1</orientation>
        <reference x="541067.9753123722" y="5041385.0990003552" z="196.50999999999999" yaw="209.69999999999999" pitch="0" roll="-0" enabled="false"/>
      </camera>
      <camera id="17" sensor_id="0" component_id="1" label="DJI_0061">
        <transform>-9.6723784361473708e-01 -2.5373123866264236e-01 -8.4505861474103872e-03 -4.8395097748475202e-01 -2.5384542407625038e-01 9.6611999041158347e-01 4.6633301434377966e-02 -3.5095104990844104e+00 -3.6680451281647171e-03 4.7250636544306043e-02 -9.9887633007850152e-01 7.1005675926172573e-02 0 0 0 1</transform>
        <rotation_covariance>5.8961596231466558e-09 -3.8568619595851673e-10 -6.8843825756447604e-10 -3.8568619595851657e-10 3.6943161983173576e-09 1.0993487321121162e-10 -6.8843825756447604e-10 1.0993487321121163e-10 3.1742712595835933e-10</rotation_covariance>
        <location_covariance>9.8186897989008297e-08 -2.6267698629080511e-08 -1.2979513120978165e-08 -2.6267698629080511e-08 1.3162244833965168e-07 -6.9946260235500097e-09 -1.2979513120978165e-08 -6.9946260235500097e-09 2.3337859811101547e-08</location_covariance>
        <orientation>1</orientation>
        <reference x="541056.52450995485" y="5041377.7645917088" z="196.71000000000001" yaw="210.30000000000001" pitch="0" roll="-0" enabled="false"/>
      </camera>
      <camera id="18" sensor_id="0" component_id="1" label="DJI_0062">
        <transform>-9.6867117148628057e-01 -2.4818459477284938e-01 -8.9759929163475347e-03 -7.9570496009846114e-01 -2.4832749561678186e-01 9.6751149223706046e-01 4.7486496079544450e-02 -4.8878201296677712e+00 -3.1010404858795560e-03 4.8227785628741526e-02 -9.9883154948232034e-01 6.7519775191552764e-02 0 0 0 1</transform>
        <rotation_covariance>4.1153545586250227e-09 -7.0922179113365658e-10 -3.8986595941013493e-10 -7.0922179113365668e-10 3.0278296240103265e-09 9.6800803259649690e-11 -3.8986595941013499e-10 9.6800803259649664e-11 1.9052828208024920e-10</rotation_covariance>
        <location_covariance>8.2685107028717692e-08 -2.1640052044817149e-08 -9.9475701325788288e-09 -2.1640052044817149e-08 8.8521021268989565e-08 5.2585494669447060e-09 -9.9475701325788288e-09 5.2585494669447060e-09 1.9295883985032612e-08</location_covariance>
        <orientation>1</orientation>
        <reference x="541044.752998146" y="5041370.1470163856" z="197.00999999999999" yaw="210.5" pitch="0" roll="-0" enabled="false"/>
      </camera>
      <camera id="19" sensor_id="0" component_id="1" label="DJI_0063">
        <transform>-9.6963851292441960e-01 -2.4437600399982970e-01 -9.0290045295787370e-03 -1.1153529872586347e+00 -2.4452693355313909e-01 9.6849485306632455e-01 4.7162467610781744e-02 -6.2623487317787196e+00 -2.7808309582847014e-03 4.7938379750619806e-02 -9.9884642399423285e-01 6.0748549846669435e-02 0 0 0 1</transform>
        <rotation_covariance>3.0813794028158504e-09 -6.4657254236461222e-10 -2.0452505193114722e-10 -6.4657254236461222e-10 2.4720388433468781e-09 7.1063067681624798e-11 -2.0452505193114720e-10 7.1063067681624759e-11 1.1992652487965884e-10</rotation_covariance>
        <location_covariance>6.8248908553083254e-08 -1.6433757630345328e-08 -4.9638706147710162e-09 -1.6433757630345328e-08 6.7233951007765081e-08 3.0387199491594216e-09 -4.9638706147710162e-09 3.0387199491594216e-09 1.7997659415555724e-08</location_covariance>
        <orientation>1</orientation>
        <reference x="541032.92473670933" y="5041362.6046417849" z="197.31" yaw="210.80000000000001" pitch="0" roll="-0" enabled="false"/>
      </camera>
      <camera id="20" sensor_id="0" component_id="1" label="DJI_0064">
        <transform>-9.7042134465023300e-01 -2.4124752613832970e-01 -9.0578683678735131e-03 -1.4281917993797946e+00 -2.4140326598598219e-01 9.6927329527776884e-01 4.7262482294905435e-02 -7.6184173655774359e+00 -2.6224070116815175e-03 4.8051120627005742e-02 -9.9884143525784619e-01 5.1910353226953983e-02 0 0 0 1</transform>
        <rotation_covariance>2.6791900251142251e-09 -2.3472764651337664e-10 -1.0614353864218986e-10 -2.3472764651337659e-10 1.8545893648165173e-09 4.5457650501853364e-11 -1.0614353864218986e-10 4.5457650501853377e-11 8.1158050473392020e-11</rotation_covariance>
        <location_covariance>4.9477731797335140e-08 -9.0663018704142081e-09 -2.6346689266574201e-10 -9.0663018704142081e-09 6.2145565930933734e-08 -1.3743952448634171e-09 -2.6346689266574201e-10 -1.3743952448634171e-09 1.6156049000900050e-08</location_covariance>
        <orientation>1</orientation>
        <reference x="541021.46999150352" y="5041355.263606525" z="197.50999999999999" yaw="210.90000000000001" pitch="0" roll="-0" enabled="false"/>
      </camera>
      <camera id="21" sensor_id="0" component_id="1" label="DJI_0065">
        <transform>-9.7130274508744363e-01 -2.3770800295419603e-01 -8.1168169329933551e-03 -1.7472007938820513e+00 -2.3782269595793501e-01 9.7015644105505927e-01 4.7295297511284140e-02 -8.9952925083509143e+00 -3.3678884921236512e-03 4.7868415588039087e-02 -9.9884797247438772e-01 3.7799777039022091e-02 0 0 0 1</transform>
        <rotation_covariance>2.5894065350006374e-09 -2.3144827985719249e-10 -6.0486412252867807e-11 -2.3144827985719239e-10 1.6002011784467622e-09 2.0843506503781748e-11 -6.0486412252867807e-11 2.0843506503781744e-11 7.0119905698176331e-11</rotation_covariance>
        <location_covariance>4.3954600298956027e-08 -9.7895842821319973e-09 1.2734159890207619e-09 -9.7895842821319973e-09 5.9128287855456849e-08 -1.1290117661483295e-09 1.2734159890207619e-09 -1.1290117661483295e-09 1.3727272010103282e-08</location_covariance>
        <orientation>1</orientation>
        <reference x="541010.026824528" y="5041347.9393336801" z="197.81" yaw="211" pitch="0" roll="-0" enabled="false"/>
      </camera>
      <camera id="22" sensor_id="0" component_id="1" label="DJI_0066">
        <transform>-9.7231586263469882e-01 -2.3353621149232462e-01 -7.9184083472720480e-03 -2.0664587234299145e+00 -2.3364421813515560e-01 9.7114106301639658e-01 4.7910490034995264e-02 -1.0378297583402636e+01 -3.4989428337458806e-03 4.8434219774800800e-02 -9.9882024596713703e-01 2.8211982990228278e-02 0 0 0 1</transform>
        <rotation_covariance>2.5772350491973657e-09 -3.4922811484433756e-10 -5.4741734420518450e-11 -3.4922811484433756e-10 1.4082205056831453e-09 3.0718779657351422e-11 -5.4741734420518450e-11 3.0718779657351422e-11 6.0479628034964381e-11</rotation_covariance>
        <location_covariance>4.0604488687802924e-08 -1.2853275584716374e-08 2.6465942541563706e-09 -1.2853275584716374e-08 5.7408256906632385e-08 -9.4308772805668982e-10 2.6465942541563706e-09 -9.4308772805668982e-10 1.1217284870541074e-08</location_covariance>
        <orientation>1</orientation>
        <reference x="540998.23294964246" y="5041340.3805854106" z="198.00999999999999" yaw="211.09999999999999" pitch="0" roll="-0" enabled="false"/>
      </camera>
      <camera id="23" sensor_id="0" component_id="1" label="DJI_0067">
        <transform>-9.7305989113929825e-01 -2.3044019495938003e-01 -7.1947760952925880e-03 -2.3814004986957147e+00 -2.3051665754230535e-01 9.7188469511387166e-01 4.7981350532701167e-02 -1.1751945224172928e+01 -4.0643389993839972e-03 4.8347243463318763e-02 -9.9882231913288599e-01 1.7898856434259813e-02 0 0 0 1</transform>
        <rotation_covariance>2.6577455474084929e-09 -4.0818460324052177e-10 -5.9524641754223207e-11 -4.0818460324052172e-10 1.3407993504959622e-09 3.3654153371775946e-11 -5.9524641754223220e-11 3.3654153371775946e-11 6.3156453771726120e-11</rotation_covariance>
        <location_covariance>4.0060564252704052e-08 -1.4971285762790938e-08 2.1927391349416953e-09 -1.4971285762790938e-08 5.8485885534416934e-08 1.1209694930551934e-09 2.1927391349416953e-09 1.1209694930551934e-09 1.0655970312733157e-08</location_covariance>
        <orientation>1</orientation>
        <reference x="540986.72892489086" y="5041333.0392927025" z="198.31" yaw="211.09999999999999" pitch="0" roll="-0" enabled="false"/>
      </camera>
      <camera id="24" sensor_id="0" component_id="1" label="DJI_0068">
        <transform>-9.7365452140326969e-01 -2.2793093354263333e-01 -6.6605168984263117e-03 -2.6903648151514008e+00 -2.2798842715871717e-01 9.7252348971913616e-01 4.7109861241646039e-02 -1.3129798700517687e+01 -4.2602855144814695e-03 4.7387250172345574e-02 -9.9886750797512602e-01 3.5587143976403973e-03 0 0 0 1</transform>
        <rotation_covariance>2.6147768959877259e-09 -2.9667909039299985e-10 -5.0781553000434350e-11 -2.9667909039299980e-10 1.4136030217660037e-09 1.8358973515263551e-11 -5.0781553000434357e-11 1.8358973515263544e-11 6.6954233706890049e-11</rotation_covariance>
        <location_covariance>4.0735654225091558e-08 -1.2558688038926799e-08 2.2382443825780974e-09 -1.2558688038926799e-08 5.8993685030246032e-08 4.7046878210219072e-09 2.2382443825780974e-09 4.7046878210219072e-09 1.1836532351159578e-08</location_covariance>
        <orientation>1</orientation>
        <reference x="540974.95633336832" y="5041325.4418424433" z="198.61000000000001" yaw="211.19999999999999" pitch="0" roll="-0" enabled="false"/>
      </camera>
      <camera id="25" sensor_id="0" component_id="1" label="DJI_0069">
        <transform>-9.7423951199773273e-01 -2.2542169332053433e-01 -6.5140957102940746e-03 -3.0051060158587850e+00 -2.2548241694192026e-01 9.7319191604894595e-01 4.5334029018072521e-02 -1.4494692256105022e+01 -3.8798083006688377e-03 4.5635016352406112e-02 -9.9895064561271785e-01 -1.2540358834253239e-02 0 0 0 1</transform>
        <rotation_covariance>2.9562865031063143e-09 -1.5806669042009778e-10 -3.0125088742682909e-11 -1.5806669042009783e-10 1.5677844634086564e-09 -5.6763849761204595e-12 -3.0125088742682909e-11 -5.6763849761204595e-12 8.2155335891769155e-11</rotation_covariance>
        <location_covariance>4.4032327892333065e-08 -1.1107972848274134e-08 3.0969810561954721e-09 -1.1107972848274134e-08 6.8060472428174235e-08 9.4000381325687100e-09 3.0969810561954721e-09 9.4000381325687100e-09 1.4913803193083047e-08</location_covariance>
        <orientation>1</orientation>
        <reference x="540963.47474881227" y="5041318.1240713755" z="198.81" yaw="211.30000000000001" pitch="0" roll="-0" enabled="false"/>
      </camera>
      <camera id="26" sensor_id="0" component_id="1" label="DJI_0070">
        <transform>-9.7472954977470772e-01 -2.2330515970619513e-01 -6.0918342546930800e-03 -3.3108720860597107e+00 -2.2335726849390469e-01 9.7377789614671117e-01 4.3221980369099161e-02 -1.5830747763401471e+01 -3.7195976849302230e-03 4.3490396924789010e-02 -9.9904692080421675e-01 -1.8321564160680689e-02 0 0 0 1</transform>
        <rotation_covariance>4.4082510549883841e-09 6.1572152800487910e-11 -1.9236905027312521e-11 6.1572152800487664e-11 1.9038908327300570e-09 -4.5234553793526129e-11 -1.9236905027312512e-11 -4.5234553793526155e-11 1.2524273563393766e-10</rotation_covariance>
        <location_covariance>5.3569158441446658e-08 -1.2679902105403275e-08 4.3645887408623824e-09 -1.2679902105403275e-08 1.0486653634742112e-07 1.8684463035874988e-08 4.3645887408623824e-09 1.8684463035874988e-08 2.0784913071440981e-08</location_covariance>
        <orientation>1</orientation>
        <reference x="540952.03656053601" y="5041310.7343887249" z="199.00999999999999" yaw="211.30000000000001" pitch="0" roll="-0" enabled="false"/>
      </camera>
      <camera id="27" sensor_id="0" component_id="1" label="DJI_0071">
        <transform>-9.7542208540508213e-01 -2.2027730230148962e-01 -5.4465947874813500e-03 -3.6416708531262785e+00 -2.2031083403451013e-01 9.7454158520562606e-01 4.1615323042405880e-02 -1.7246652187294831e+01 -3.8589779760214125e-03 4.1792449027107735e-02 -9.9911886154415941e-01 -2.2958460491987409e-02 0 0 0 1</transform>
        <rotation_covariance>8.6753082605062507e-09 1.4041213959025891e-09 9.0070189598709106e-12 1.4041213959025891e-09 3.3104686216163640e-09 -1.2803258237880741e-10 9.0070189598709138e-12 -1.2803258237880741e-10 2.8428737442571461e-10</rotation_covariance>
        <location_covariance>8.1516899442064026e-08 -3.0319191347113124e-10 1.0208069411334179e-08 -3.0319191347113124e-10 2.1723290947983290e-07 5.1170365642910171e-08 1.0208069411334179e-08 5.1170365642910171e-08 3.7337250963578989e-08</location_covariance>
        <orientation>1</orientation>
        <reference x="540940.2119012716" y="5041303.2044373378" z="199.31" yaw="211.40000000000001" pitch="0" roll="-0" enabled="false"/>
      </camera>
      <camera id="28" sensor_id="0" component_id="1" label="DJI_0072">
        <transform>2.4664527209044884e-02 -9.9966512137598706e-01 7.8298277048126485e-03 -3.7147288355736094e+00 -9.9895226163890705e-01 -2.4343409794592624e-02 3.8752772366437080e-02 -1.7720177115783194e+01 -3.8549190186911005e-02 -8.7774429024234761e-03 -9.9921815257331470e-01 -7.1045174831490518e-02 0 0 0 1</transform>
        <rotation_covariance>6.2007444997829090e-09 -1.0035801021906088e-09 -1.5701355059164267e-10 -1.0035801021906088e-09 6.7822798363127696e-09 -1.0734926515603178e-10 -1.5701355059164267e-10 -1.0734926515603179e-10 3.9024317513020688e-10</rotation_covariance>
        <location_covariance>1.5020105125436752e-07 2.0506032257285760e-08 2.8205716235977609e-08 2.0506032257285760e-08 1.6557574767050414e-07 5.8501472615221537e-08 2.8205716235977609e-08 5.8501472615221537e-08 5.0757169077679545e-08</location_covariance>
        <orientation>1</orientation>
        <reference x="540936.00415172067" y="5041300.3171952795" z="199.50999999999999" yaw="133.19999999999999" pitch="0" roll="-0" enabled="false"/>
      </camera>
      <camera id="29" sensor_id="0" component_id="1" label="DJI_0073">
        <transform>5.8097790178516240e-02 -9.9830865332240559e-01 2.1164777289417319e-03 -2.1542947056613224e+00 -9.9772069421518195e-01 -5.7990422472674732e-02 3.4504017682238985e-02 -1.8285282112130595e+01 -3.4322923988913179e-02 -4.1162608086292990e-03 -9.9940231803103530e-01 -1.0762082276006379e-01 0 0 0 1</transform>
        <rotation_covariance>6.4297716649610937e-09 -8.7411243571370724e-10 -2.2457128017274131e-11 -8.7411243571370755e-10 7.3413038450120449e-09 -4.7287316812445205e-11 -2.2457128017274138e-11 -4.7287316812445198e-11 3.5976826023256808e-10</rotation_covariance>
        <location_covariance>1.5628624577345238e-07 1.4116547769360009e-08 1.7344693478848198e-08 1.4116547769360009e-08 1.7645768809723254e-07 6.7797711131499132e-08 1.7344693478848198e-08 6.7797711131499132e-08 5.7361230923602403e-08</location_covariance>
        <orientation>1</orientation>
        <reference x="540942.82888709055" y="5041286.1062272582" z="199.21000000000001" yaw="130.69999999999999" pitch="0" roll="-0" enabled="false"/>
      </camera>
      <camera id="30" sensor_id="0" component_id="1" label="DJI_0074">
        <transform>9.9136762406298917e-01 1.3090579472582439e-01 -7.3421295892100715e-03 -1.2036344813348352e+00 1.3110414946581606e-01 -9.9035052596571393e-01 4.4917009164446665e-02 -1.8584007570974471e+01 -1.3913851190035954e-03 -4.5491852310434122e-02 -9.9896374079383699e-01 -1.6499339886714409e-01 0 0 0 1</transform>
        <rotation_covariance>9.4957762693162854e-09 7.2663562692782831e-10 -1.1922890424380218e-10 7.2663562692782841e-10 3.9540872962624108e-09 1.3755707644535958e-10 -1.1922890424380220e-10 1.3755707644535950e-10 3.5828687831913851e-10</rotation_covariance>
        <location_covariance>1.0539771935032600e-07 -2.5149717314767156e-09 1.5151287617741165e-08 -2.5149717314767156e-09 2.2166726941203274e-07 6.8329622208813522e-08 1.5151287617741165e-08 6.8329622208813522e-08 5.4911639727949521e-08</location_covariance>
        <orientation>1</orientation>
        <reference x="540947.66495109559" y="5041276.8518821858" z="199.11000000000001" yaw="37.999999999999993" pitch="0" roll="-0" enabled="false"/>
      </camera>
      <camera id="31" sensor_id="0" component_id="1" label="DJI_0075">
